0.7	6.9	45	49	49	65	65	45	318	妙蛙种子是爬行动物形态的宝可梦，外表类似蟾蜍或小型恐龙。它的皮肤呈蓝绿色，并附有深绿色的斑纹。它有四条腿，每条腿有三个白色的尖爪子。它有着鲜红色的眼睛，在头顶上长着类似耳朵一样的一对凸起，并且有着一张大嘴，上颚的两颗牙齿清晰可见。这只宝可梦最显著的特点就是它背后那个洋葱状的鳞茎。这个鳞茎与宝可梦有着共生关系，从它出生起，鳞茎就在它的背上开始生长了。鳞茎通过白天的光合作用为妙蛙种子提供能量，同时鳞茎含有的许多能吸取养分的种子使得鳞茎能在夜间保持强劲长势。
1	13	60	62	63	80	80	60	405	妙蛙草是一只四足行走的宝可梦，外表类似蟾蜍或小型恐龙。和妙蛙种子一样，妙蛙草有着蓝绿色带有深绿色斑块的皮肤，不过颜色要更深一些。它有着红色的眼睛，黑色的瞳孔，不过在精灵宝可梦动画与宝可梦梦境世界中，它的眼睛是紫色的。它头顶的耳朵有了黑色的内耳，上颚的牙齿也要比进化前更长。妙蛙草最显著的特点在于妙蛙草后背上的鳞茎变成一颗粉色花朵的蓓蕾，蓓蕾四周长着四片绿色的长叶片。鲜花蓓蕾很重，这让它的后肢变得更加强壮结实，以便支撑住它。但以此为代价的是它再也不能抬起它的后腿。
2	100	80	82	83	100	100	80	525	妙蛙花的体型比它的进化前要大的多。其身体呈蓝绿色，并且没有了进化前的深色斑块，取而代之的是类似蟾蜍背上的疙瘩。妙蛙花的头顶有一对耳朵，耳朵内部为红色的，眼睛呈橘红色，嘴里有牙。它背上的花蕾现在盛开成一朵巨大的红色花朵，一个褐色的类似褐榈树的树干状物支持著这朵有六片带著白色斑点的巨大花瓣的花朵。其爪子上有三个趾，腿也变得更粗。尽管妙蛙花仍然是四足行走，在战斗之外它比其进化前身移动得更慢。
0.6	8.5	39	52	43	60	50	65	309	小火龙是两足爬行动物形态的宝可梦，有一些恐龙的特征，类似于兽脚亚目食肉恐龙。小火龙周身呈橙色，肚子和尾巴下方是奶油色的。可以看见有四颗小小的牙齿分立在它的上下颚。小火龙眼睛呈蓝色。它拥有较短的四肢，并且有四根极短的手指和三根脚爪。它最显着的特点是它的尾巴尖在出生时就有燃烧着的火焰。火焰反映了它的健康状况和心情：身体健康时火焰变旺，虚弱时火焰变弱，开心时火焰左右摇摆，愤怒时火焰剧烈燃烧。据说，如果火焰熄灭这只宝可梦就会死亡，虽然这从来没有在动画、漫画或游戏中发生过。但有时在动画中，的确会以尾巴火焰的强弱来表示小火龙（或其进化形）身体状况的好坏。尾巴上的火焰就算碰到水也不会消失，只要活著就会继续燃烧
1.1	19	58	64	58	80	65	80	405	火恐龙体态上和小火龙类似。火恐龙的前肢、后肢都比小火龙更长，而爪子也变得更长。头部有了一个角状凸起，尾巴也变长了。身体的红色也变得更深。尾部依然有火焰。嘴变的有些像鸟喙。火恐龙脾气暴躁、固执、性急。但它也是主人忠实的合作伙伴。
1.7	90.5	78	84	78	109	85	100	534	喷火龙是双足行走的具有西方龙特点的宝可梦。皮肤主要为橙色，颜色比火恐龙要稍浅，从腹部至尾巴尖端以及脚底是奶油色的。它长着短而粗壮的下肢和相对细小的上肢，上肢有着三根锐利的爪子同时脚上也长着三颗尖爪。与它进化之前不同，喷火龙背后长有可以用来飞翔的巨大翅膀。翅膀的内侧呈蓝绿色，第三个关节处长着角状的突起。它有着长长的脖子，蓝色的小眼睛，后脑勺上长着两个角状突起。与它进化前一样，它长长的尾巴末端燃烧着火焰。
0.5	9	44	48	65	50	64	43	314	杰尼龟是以双足行走为主的乌龟外形的宝可梦。其身体呈亮蓝色，圆形的头部可以提高杰尼龟游泳的速度。眼睛是紫色的。前后肢都有是三趾，而且很短。它长有小型波浪状的尾巴。杰尼龟的躯干藏在龟壳里。龟壳的背面是褐色的，腹部的龟壳为淡黄色，两部分之间有着白色的波浪型边缘。
1	22.5	59	63	80	65	80	58	405	卡咪龟是双足行走的龟形态宝可梦。它身体呈靛蓝色。圆圆的头上长着一对有点像翅膀的毛茸茸的耳朵。它的眼睛呈褐色，在嘴部可以看到它的獠牙，脸颊上有小块的深蓝色圆形斑纹。它的龟壳和杰尼龟一样。它的前肢有三个锋利的爪子。尾巴像两波海浪，也是毛茸茸的，颜色会随着年龄的增长而变深。
1.6	85.5	79	83	100	85	105	78	530	水箭龟是两足行走为主，体型巨大的龟形态宝可梦，它有时也会用四足行走。水箭龟身体呈深蓝色。它的前后肢短而粗壮，因关节而分成一节一节的并且都长有三趾。尾巴不再像海浪，而变成了粗短的蓝色尾巴。它的下颚是奶白色的。耳朵是三角形的。它的躯干被覆盖在巨大且厚重的龟壳中，龟壳背部为褐色，腹部淡黄色，之间有白色的边缘。在龟壳的前端伸出了两门水炮。水炮可以缩进龟壳里。
0.3	2.9	45	30	35	20	20	45	195	绿毛虫是毛毛虫外表的宝可梦。它背面是绿色，腹部是白色。它最显著的特征是头部的Y字形红色触角。绿毛虫有两对腹足，上面有吸盘能吸附在树上，身体两侧有黄色环形斑纹。它长着黑色的大圆眼睛，黄色纺锤状的尾巴。
0.7	9.9	50	20	55	25	25	30	205	铁甲蛹是绿色的虫蛹外形的宝可梦。它的身体呈新月状，尾部分节。前端也有分节，看上去像它的五官。背后有一个小突起。它长着经常半张半闭的眼睛，眼珠是黑色。虽然外壳十分坚硬，但其内部的身体很柔软。遭到了强烈的攻击的话，里面的身体可能会掉出来。
1.1	32	60	45	50	80	80	70	385	巴大蝶在蝴蝶的外型基础上加上了拟人化的外貌特征。巴大蝶的身体呈深蓝紫色，身后长着有黑色脉纹的巨大白色翅膀，通过脉纹可以识别巴大蝶的性别。 与真实存在的昆虫不同，巴大蝶只有四条腿，而且还是粉青色的。另外它的头部还有一个同样是粉青色的，类似于鼻子的器官。巴大蝶的眼睛是淡红色的复眼。与其他鳞翅目的昆虫一样，巴大蝶的翅膀上覆盖着细密的鳞片，腿上也覆盖着细毛以便采蜜。
0.3	3.2	40	35	30	20	20	50	195	独角虫是幼虫形态的宝可梦。整体呈土黄色，身体分节。显著特征就是头上的角。有七对粉色腹足，头部也有粉色的类似鼻子的部分。尾巴上也长有尖刺。眼睛是黑色的，很小。
0.6	10	45	25	50	25	25	35	205	铁壳蛹是淡黄色的虫蛹外形宝可梦。铁壳蛹有圆形的头顶和黑色的三角形眼睛。在它身体中间有镰刀状的手臂。它身上散发的热量让人摸起来很温暖。
1	29.5	65	80	40	45	80	75	385	大针蜂类似黄色的双足蜜蜂，但它只有四条腿而不是六条。身体分为三节。它的头部比较圆，嘴部是尖的。眼睛红而圆。长有两个触角。腹部很圆，它的四条腿都附着在腹部上。尾部黄黑相间，在末端长有毒针。双足细长，双手上有又大又粗的白色针。背部有两对翅膀，翅膀上有繁复的纹路。
0.3	1.8	40	45	40	35	35	56	251	波波的外形形似某些小型鸟类。它的羽毛颜色很不起眼，脸部，腹部和翅膀末端的羽毛是奶油色的，其他部位是褐色的。在它黑色的眼睛周围是黑色。喙和爪子是紫色的，爪子有三个趾，两根朝前，一根朝后。头顶上有三簇毛，两边的毛是白色的，中间是褐色的，这使它看起来有点严肃。尾羽由三簇褐色羽毛组成。
1.1	30	63	60	55	50	50	71	349	比比鸟外形是大形鸟类。其羽毛主要是褐色的，脸部、翅膀内部、翅膀外部前端和腹部都是乳白色的。头顶有三簇很长的粉红色的羽毛。它眼周是黑色的。它的眼珠呈黑色，眼神如同它的特性一般，十分锐利。巨大的粉色爪子和波波一样有三根脚趾。尾巴是红黄相间的。比比鸟相对于波波，平添了一种威猛和严肃。
1.5	39.5	83	80	75	70	70	91	469	大比鸟的外形和比比鸟十分相似，只是大比鸟的体型更加庞大，翼展更宽，爪子更短，如同鹰一般。它的羽毛主要是褐色，脸部至腹部以及翅膀内侧、外侧前端是奶油色的，眼边是黑色的。它头顶的羽毛两边红中间黄，长得可以在空中飘扬。扇形的尾羽是红色的。粉色的爪子有了四根脚趾：三根朝前，一根朝后。华丽的翅膀能起到威慑的作用，也能鼓起巨大的风暴。尖锐的眼神和宽大的翅膀无不给大比鸟一种王者的气概
0.3	3.5	30	56	35	25	35	72	253	小拉达外形是老鼠，四足行走。身体主要为淡紫色，脸颊、下颔直至腹部以及四只脚掌为奶油色。其最大的特征就是两颗大门牙。拉达长有大耳朵，三角形的眼睛中有红色的眼珠。脸颊长着一根奶油色的长胡须。尾巴微卷。
0.7	18.5	55	81	60	50	70	97	413	拉达是大型老鼠。虽然它们仍然是四足动物，但拉达通常用两条腿走路。拉达体型比小拉达大得多。其身体主要呈黄褐色，脸颊至腹部为奶油色。同小拉达一样，拉达的最突出的特点是其快速生长的闸门牙。三排奶油色的胡子从它的脸两侧伸出来，可以用来保持平衡。它的每只脚上都有三根脚趾，脚趾间还有脚蹼，可以游泳。拉达的尾巴比小拉达更长，也更像老鼠的尾巴。它的耳朵有些粗糙。
0.3	2	40	60	30	31	31	70	262	烈雀是一种鸟类。烈雀背上为黑色，整个胸腹部为米色且有细条纹。它的头上有蓬乱的褐色羽冠。鸟喙形状类似猛禽，是短但有钩的。 烈雀的浅粉红色的脚有三个爪子。它的翅膀为粉红色，边缘为浅粉色的。 有3个褐色的尾羽。
1.2	38	65	90	65	61	61	100	442	大嘴雀是大型猛禽外形的宝可梦。大嘴雀羽毛呈褐色，背后两翅间的部分和羽翼末端为乳白色。头部有红色的冠。粉色的嘴长而尖锐，这是它攻击的武器。脖子比较细长，类似于秃鹫的脖子。胸前有粗糙凌乱的羽毛。翅膀又宽又大，能帮助它飞行。浅粉色的爪子是四趾的，三趾朝前，一趾朝后。有四根褐色尾羽。
2	6.9	35	60	44	40	54	55	288	阿柏蛇外形类似紫色的蛇。其腹部为黄色。黄色的眼睛非常圆，瞳孔是一条线。嘴很大，这有助于它吞食蛋。靠近头部的身体上有黄色的环状纹路。其他地方有黑色的细条纹。尾巴尖端为黄色，像响尾蛇的尾巴一样。
3.5	65	60	85	69	65	79	80	438	阿柏怪外形类似巨大的紫色眼镜蛇。阿柏怪的身体上有黑色的细条纹。阿柏怪的头相比于它的颈部来说很小。眼睛是三角形的。吐出信子的嘴不像阿柏蛇那样大，但是里面长满毒牙。阿柏怪最引人注意的是它颈部的花纹，据考证有6种。但是最常见的只有一种。颈部的花纹类似一张愤怒的人脸：黑色的“眼眶”、红色和黄色的“眼镜”、黑色的“嘴角”向上扬起“嘴”和黑色的向下箭头式的“眉毛”。
0.4	6	35	55	30	50	40	90	300	皮卡丘是一只电气鼠，全身的皮毛都是黄色的。它的耳朵很长，尖端是黑色的。它有小小的嘴巴，以及黑色的眼睛。它的脸颊上有两个红色的圆。它的前爪短而粗，有五个“手指”，相对地，后爪只有三个。它后背上有两条褐色的条纹。它的尾巴是像锯齿状的闪电，与身体相接的部分也有一片褐色的皮毛。确切地来说皮卡丘是一只老鼠，它跑动的时候是用四条腿着地快速地奔跑，但是更多时候它是站立着的并用两只后脚走路。
0.8	30	60	90	55	90	80	100	475	雷丘是两足啮齿动物外形的宝可梦。雷丘周身皮毛为暗橙色，腹部为白色。和皮卡丘一样，雷丘的背上有两个褐色的条纹。长而细的黑色尾部末端有为电光型，扁平且呈黄色。它不像皮卡丘一样有手指，取而代之的是圆乎乎的褐色小掌。黑色的小眼珠下面，两颊上有着黄色的电气袋。它的脚很大，是褐色的。其分叉的耳朵外侧是褐色的，内侧是黄色的，耳朵的末梢有一个卷曲的部位。
0.6	12	50	75	85	20	30	40	300	穿山鼠是双足站立，外形类似老鼠的宝可梦，在奔跑是也会使用四足行走。皮肤呈土黄色，坚硬干燥，并且拥有砖型的纹路，使其皮肤看上去很像砖墙。下颔至腹部为奶油色，后面有一根锥形的粗尾巴。前肢上有三个小而尖的爪子，后肢是二趾。耳朵很小，是三角形的。眼睛是蓝黑色的。
1	29.5	75	100	110	45	55	65	450	穿山王是外表类似鳞甲目动物的两足宝可梦，在奔跑时它也会使用四足着地行走。它的皮肤大部分是淡黄色，腹部和嘴部为白色。它的身体大部分都被坚韧的褐色刚毛覆盖，这给了它很强的防御和攻击能力。它有两个很大的爪子，这是它的主要进攻武器。爪子和脚均为两趾。它会蜷缩成一个球以保护它的腹部。它的爪子可能会定期的脱落，但也会很快的长出来。它的眼睛比穿山鼠要长且窄；它的头顶长有一根淡黄色的刚毛，两侧有刚毛形状类似的耳朵。
0.4	7	55	47	52	40	40	41	275	尼多兰是小型的四足啮齿类宝可梦。全身大多都是蓝色的，带有少量的深蓝色圆形斑点。三角形眼睛是红色的。嘴里有一颗白色的门牙。长有两对胡须和一双大耳朵。爪子是两趾的。额头上长一个很小的毒刺。背上也长有一些刺。这让它们在受到威胁时能释放出毒素。
0.8	20	70	62	67	55	55	56	365	尼多娜的外貌与尼多兰很像。外表是淡蓝色的，附有深蓝色的斑块，长有大耳朵，嘴里有小尖牙。背上有毒刺。前后肢长有三趾。眼睛是三角形的、红色的。它的后肢比尼多兰更强壮，所以会立起身子用两足行走。但它的头上没有毒针。
1.3	60	90	82	87	75	85	76	495	尼多后外表为大型的蓝色的两足宝可梦。综合了哺乳动物和爬行动物的一些特征。它周身长着蓝色的坚硬鳞片，能保护它免受攻击。尼多后的下巴、胸部和腹部是白色的。它有粗大的尾巴和像老鼠一样的耳朵。前肢看起来非常强壮，有三个细小的爪子。它的后腿也变得很粗壮，因此尼多后基本是用后足行走的。尼多后的额头直至尾巴沿着脊椎走向长着一排毒角
0.5	9	46	57	40	40	40	50	273	尼多朗是小型啮齿类的宝可梦。身体为紫色，带有深紫色的斑块。长着内部为青色的大耳朵，小门牙和小红眼睛。头顶长着毒角，后背也长有三排毒刺，其中中间一排较长一些。四肢较短且为两趾。
0.9	19.5	61	72	57	55	55	65	365	尼多力诺是四足行走的宝可梦。它的个头比尼多朗大，身体仍为紫色的并带有深紫色的斑块。它额头上的角变大了，它的耳朵也变大了。它背上有一排参差不齐的毒刺。它的牙齿变成了露出来的小尖牙。它前面的爪子有三个趾，而后爪仍是两个趾。
1.4	62	81	92	77	85	75	85	495	尼多王为大型双足行走的宝可梦。体型比尼多力诺、尼多朗要大很多。尼多王是紫色的，身上没有斑点，只有胸腹部为白色。 尼多王最突出的特点是其头顶上大且尖锐，并有剧毒的角，这是它有力的攻击武器。 尼多王的耳朵的边缘有小而尖的刺，耳朵内部是绿色的。 尼多王下颚的每一侧上有五个齿，第五颗为长獠牙，所以不管它的嘴巴是张开还是闭上都能看见。尼多王的眼睛的形状是三角形，黑眼珠白瞳仁，显得十分凶猛。尼多王的后背从颈部到尾部长有一排粗大的尖刺。它的尾巴有几个细条纹装饰。尼多王的前爪是三趾的，它的后肢只有一个单一的大型蹄状趾。
0.6	7.5	70	45	48	60	65	35	323	皮皮是外貌可爱的两足行走的宝可梦。身体的皮毛是粉色的，身体呈星状的，胖乎乎的。手上有三趾，其中有两个有指甲一类的东西。脚只有一个趾。它的嘴里有一个小齿。眼睛边上有皱纹。它的耳朵是粉色的，尖端是褐色的。两耳间的头顶有带卷的一簇毛发。同样，它的尾巴也是带卷的。背后有小翅膀但它不能飞。
1.3	40	95	70	73	85	90	60	473	皮可西为粉色的星形宝可梦，两足行走。体型和皮皮相似，但比皮皮更高更胖了。它也长着长长的尖耳朵，黑色的耳尖。黑色的小眼睛旁边还是有皱纹，只是没有脸上的斑纹了。头上仍有卷毛，而且毛更长了；同样的，卷卷的尾巴也变大了。翅膀也变得更大，每个有三个尖。它的手没有了皮皮的两个指甲，但是它的后足变成了二趾。
0.6	9.9	38	41	40	50	65	65	299	六尾是一种小型，四足，长得像狐狸的宝可梦。它有红褐色的毛皮，褐色无瞳孔、状如琥珀的眼睛，大大的尖耳朵，内耳是深褐色的。拥有六条橙色的卷尾巴。它在快要进化时，尾巴会变热。在它的头顶有卷曲的橙色毛发。在刚出生时，它只有一条白色的尾巴，随着它的成长，这条尾巴分叉并生长得愈加美丽温暖。六尾有乳白色的肚子，褐色的脚爪和浅褐色的爪垫。
1.1	19.9	73	76	75	81	100	100	505	九尾是狐狸外表的四足宝可梦。它全身披着米黄色的毛发，有一双鲜红的赤瞳。身体匀称，显得高贵而优雅。它的九条尾巴顺滑而修长，末端有金黄色的挑染。九尾的尾巴据说具有秘密之力，这使它可以活上千年之久，并且不是超能力属性的它，可以使用超能力招式。它可以从鲜红的眼睛里放出奇怪的光线，自由操纵对手的心和物件。它的火焰控制十分精准，可以学会喷射火焰、大字爆炎和过热这样的强大火属性绝招。
0.5	5.5	115	45	20	45	25	20	270	胖丁是圆形的粉色球状宝可梦。它有小的猫耳和天蓝色的大眼睛。胖丁有有弹性的气球状皮肤。它的手臂十分短小，但脚较大且没有尾巴。它有一束毛发状的卷毛在头顶。胖丁的体内可能都是空气，因为在宝可梦竞技场中打倒胖丁后它会掉到地上像一个瘪掉的气球或一张纸片。
1	12	140	70	45	75	50	45	425	胖可丁是球状的宝可梦。胖可丁通体看上去不像胖丁那样圆，身上的粉色也比进化前更浅一些，并且腹部上也变为淡粉色。短短的手脚，类似兔耳的耳朵和头上的卷状让胖可丁看上去更贴近于可爱的角色。皮肤上附着一层细毛手感极好，吸入空气后身体会膨胀起来。
0.8	7.5	40	45	35	30	40	55	245	蝙蝠宝可梦超音蝠通体深蓝色，耳蜗和翼膜是深浅紫色，张得大大的嘴巴里可以看见四颗白色的牙，且没有眼睛。超音蝠有两根细长的尾巴，呈V字形。它能倒挂在房檐洞穴中，然而并不能从外形中看到它的双脚。
1.6	55	75	80	70	65	75	90	455	大嘴蝠是蝙蝠型的宝可梦。身体大部分为蓝色，翅膀的隔膜为紫色。其跟进化前相比最显著的变化就是嘴巴变得异常得大，几乎占了它整个身子。四颗尖锐的牙齿分立上下颚。在进化后有了眼睛，而脚似乎有了脚板，耳朵却变得比进化前小了。
0.5	5.4	45	50	55	75	65	30	320	走路草是有着小草外形的宝可梦。它身体的下半部分，即它的头部像是一株有着圆形双脚的深蓝色植物球根。它有红色的珠子形状的眼睛，以及一张小嘴。走路草从头上抽出五片绿色的叶子，中间一片叶子顶端向后弯折。
0.8	8.6	60	65	70	85	75	40	395	臭臭花为双足的花形态宝可梦。进化前形态走路草一样，臭臭花有蓝色的类似植物球根的身体。但是现在它头顶上有一朵红褐色有白色斑点的“花朵”，花有四个球型花瓣以及四片浅褐色的花萼。这朵花看起来像热带雨林里的大王花，其气味像是腐肉一般。臭臭花的眼睛看起来似乎一直是闭着的，它的紫色嘴唇似乎也一直在流着口水。然而这种“口水”实际上是花蜜。臭臭花有一双手臂，它的腿看起来较进化前也更加发达了。
1.2	18.6	75	80	85	100	90	50	480	霸王花是双足的花型宝可梦。和其进化前形态一样，有靛蓝色的类似球根的身体和双腿，但是现在它头上变得有一朵更大的“花”。它看起来更像现实中的大王花。花由五片鲜红的带白色圆斑点的巨大花瓣和中间橙色的主轴构成。据说霸王花拥有世界上最大的花瓣，它的花也占据了它身高的大部分。它的花瓣相对于它身体其他部分的尺寸使得霸王花不受日光的照射，它的花瓣几乎成为了遮阳板。霸王花长红色的小眼睛和一张小嘴，手和脚在花的对比下显得很小。
0.3	5.4	35	70	55	45	55	25	285	派拉斯为节肢动物外表的宝可梦，类似蝉的幼虫。它整体多为橙色，且有三对足，第一对较大且足尖锋利。额头上有五个颗粒状凸起。口器有六枚齿分立左右。派拉斯的眼睛和黑色的眼珠都非常大。其背上则被寄生了两只淡黄斑点的红色蘑菇。
1	29.5	60	95	80	60	80	30	405	派拉斯特是由昆虫型的生物和蘑菇组合而成的宝可梦。作为虫子的下半部分全身为橙色，在进化后双眼翻白，有三对足，且最前的一对足变成了大钳子。口器也看不见了。而背上的黄斑红蘑菇成长得比本体还大，同时也控制了整个宝可梦的意识。
1	30	60	55	50	40	55	45	305	毛球是球状的昆虫幼虫宝可梦。它全身被紫色的毛所覆盖 。它有着钳状的口器，眼睛为红色的复眼且非常大大大的眼睛是由许多个小眼睛所组成的，绝对不会放过任何的小猎物。毛球在黑暗中也能以雷达一样的眼睛看到东西，而且能从眼睛发射光束，从而使出信号光束以及许多超能力属性招式，还有两根白色的触须和灰褐色的手脚。
1.5	12.5	70	65	60	90	75	90	450	摩鲁蛾是拥有飞蛾外观的宝可梦。它有着淡紫色的身子和覆盖白色绒毛的腹部。它的眼睛像水泡一样，里面有黑色的眼珠。口器为两颗尖牙。它的头顶有三根细长凸起，胸部长有三对细小的足。它长出了两对巨大翅膀，翅膀上覆盖着紫色的有毒磷粉
0.2	0.8	10	55	25	35	45	95	265	地鼠的身体只有椭圆形的褐色头部和红色的鼻子或嘴巴，地下部分仍然不为人知。地鼠能在地下移动，它们经过的地方会在地表留下土堆隆起的痕迹。它能学会包括地震、大地之力在内的大量地面属性招式。
0.7	33.3	35	80	50	50	70	120	405	三地鼠好像是三个地鼠的聚合体，实际上它是拥有三个脑袋的一只宝可梦。它比进化前多出了两个和地鼠一模一样的脑袋，只是在高度上，三个头有所差别。和进化前一样，三地鼠也能在地下挖掘移动，且威力更大。它们据说能挖至里地面100公里深的地下，从而诱发地震。对于在地下挖掘的对手，会趁对手不注意，从别的方向突袭对手。由于它有三个脑袋，他能够学会三重攻击。
0.4	4.2	40	45	35	40	40	90	290	喵喵有着类似猫科动物的外观，与体型小的家猫有着相似的特征。大多数的喵喵都是靠四足行走，然而一些却会凭两只脚的力量行走。它有着乳白的毛发，而在尾巴尾端和后爪开始变成褐色。它那椭圆形的脸蛋与四个突出的猫须连接一起、无鼻孔、黑与褐的一双耳朵、一个闪闪发亮的椭圆金币贴在额头上。喵喵与猫老大和其他现实中的猫咪一样，一旦遇上了危机状况它会立伸出尖利的爪子。
1	32	65	70	60	65	65	115	440	猫老大是外形像猫的四足宝可梦。进化后头顶上有一颗红色宝石，且体毛没有了任何褐色变成了全乳白色。而耳朵也变圆了，瞳孔为红色，脸上左右各三条猫须。猫老大在进化后变得更像狮子了。
0.8	19.6	50	52	48	65	50	55	320	可达鸭是有鸭子外貌特征的宝可梦。它的身体是黄色的，它的眼睛里有极小的瞳孔。它的嘴巴是扁状的，头上有三条黑色的呆毛，四肢短壮，酷似河童。它有短小的尾巴和有蹼的脚掌。当头痛达到某种程度时可以使出念力和定身法，隐藏著不可思议的能力，但使用时的力量不会留下来。另外，作为水属性宝可梦，它还能学会水炮等水属性招式和冰属性招式。可达鸭平时经常头痛，这使它经常忘记事情。可达鸭完全不具有进攻性，神情经常处于呆滞状态。由于不受控制的念力力量，可达鸭经常头痛到流泪。
1.7	76.6	80	82	78	95	80	85	500	哥达鸭是有鸭子特征外貌的宝可梦。进化后身体就变成蓝色。额头有个红色的珠子，眼睛变小但眼珠变大且有神，鸭嘴变窄且尖，头顶长出了四根尖刺状凸起。四肢变得修长，手有三根指头，脚有四根趾其中一根朝后，手指和脚趾间的蹼呈白色，也长出了白色的指甲；尾巴变长了。
0.5	28	40	80	35	35	45	70	305	猴怪为灵长类外形的宝可梦。猴怪的身体本体几乎都在头的部位，全身披淡黄色的毛，四肢末端变为褐色。拥有一只粉红色类似猪鼻子的鼻子，三角形的眼睛透露着不驯的神色。双手与双脚分为三指，一条长长又灵活的尾巴，末端也为褐色。猴怪脾气十分暴躁，而且极度易怒。它们的发怒可以是毫无根据的。一群猴怪只要有一只发怒，整群猴怪都会发怒。发怒后大闹一场结果发现身边没有同伴，仍会因为寂寞而继续发怒。闹到睡着后，会因为在梦中发怒而醒来，发之后又会因被弄醒而发怒。如果有人惹它生气，它会穷追不舍。猴怪胆怯时，鼻息变促是发怒前的预兆，一旦发怒就会忘记害怕。
1	32	65	105	60	60	70	95	455	火暴猴是灵长类的宝可梦。它和猴怪一样，球状的身体长满了淡黄色的毛。四肢被毛消失且戴上了黑色的圆环，它的手变成了拳套的样子，脚也像人类的脚掌，只是只有两个脚趾。尾巴消失了，整体看起来更加强壮。眼珠更小了变成一到竖线，眼神更加凶恶，额头上一直有发怒隆起的十字青筋。火暴猴比起猴怪暴躁且易怒，它们几乎无时无刻莫名地处于暴怒状态。只要跟它的视线对上，它会疯狂追逐目标并将其打倒。就算在睡觉时，也会发怒地向莫名的方向追逐不存在的目标。有研究人员说明，火暴猴就算在精灵球里也会一直发怒。甚至出现过火暴猴太过愤怒而死亡的例子，死的时候脸上特别安详。只有当周围一个人没有时，火暴猴才会停止发怒。
0.7	19	55	70	45	70	50	60	350	卡蒂狗是外貌类似小狗的宝可梦。它的皮毛颜色主要为深橙色，伴有黑色条纹。有一对招风耳，嘴唇为亚麻色，粉红色的舌头。前肢更类似于象蹄，有两个趾。头顶有一撮亚麻色的短毛。前胸的毛看起来很蓬松，亚麻色从前胸部一直延伸至尾巴。黑色的瞳仁透露出忠诚与勇敢。
1.9	155	90	110	80	100	80	95	555	风速狗是外表类似大型犬类的宝可梦。它有蓬松的亚麻色毛发，覆盖了面部。眼睛变为褐色，身体有像老虎般的黑橙条纹，脚上有毛发围绕著，尾部则有长尾，奔跑时，身体犹如与风融合，相当有威严。
0.6	12.4	40	50	40	40	40	90	300	蚊香蝌蚪是外表有蝌蚪特征的宝可梦。它身体是一个圆球，大部分是蓝色的皮肤，富有弹力；肚子为白色，上面有顺时针的螺旋花纹，花纹是它的透明可见的内脏。蚊香蝌蚪没有手，只有看起来很是柔弱的双脚；尾巴为圆润的羽毛状。头顶有一对大眼睛，黑色的眼珠白瞳孔；眼睛下方有一张粉红嘴唇的小口。
1	20	65	65	65	50	50	90	385	蚊香君是一种拥有球形身体的两足宝可梦。它的皮肤为蓝色，表面有又滑又黏的液体，防止敌人抓住它。它拥有从头顶突出的球形的眼睛，两眼中间有细小的鼻孔。白色的肚子上有黑色的逆时针螺纹，这是透明皮肤暴露出的内脏。脚比进化前长，并且长出了手。它的两只手看上去如同戴了白色的连指手套，脚是圆形的，没有脚趾。
1.3	54	90	85	95	70	90	70	500	蚊香泳士是蓝色的双足宝可梦。它比进化前更宽。它有强壮的手臂，手上有三根手指，似乎带着白色的手套。脚上无脚趾。它的两眼从头上突出，时常半睁半闭，看上去很专注。它的白色的肚子有黑色蚊香状花纹，那是它暴露的透明内脏。蚊香泳士全身脂肪含量几乎为零，因为全是健壮的肌肉，导致它的体重很重。
0.9	19.5	25	20	15	105	55	90	310	凯西通体黄色。头部外形类似狐狸，有着尖尖的鼻子，眼睛几乎总是闭着，头顶两只内部淡黄色的耳朵。身上从脖子到胸部有着褐色的类似革甲的皮肤，两肩长着类似护肩的部分。手和脚上都有三个指头。长尾巴的末端带着一个褐色的圆环。
1.3	56.5	40	35	30	120	70	105	400	勇基拉是一种黄色的双足宝可梦。它的耳朵尖而长，额头上长着一个红色的五角星图案，脸型类似狐狸，口鼻部较窄，并且长出了类似胡子一样的两簇毛。它的眼睛睁开了，眼窝深眼眶窄。它的躯干分成了类似护肩一样的褐色肩膀，褐色的如同革甲一样的胸部和三角形并带有三道红色印记的腹部。在腹部后面有一条粗大且长的尾巴，上面有一道褐色环形斑。勇基拉的四肢也在关节处分节，手脚都有三根带指甲的指头。其中，右手上握着的一把银色勺子是勇基拉的最大特征。
1.5	48	55	50	45	135	85	120	490	胡地为黄色双足人型宝可梦。它在进化后胡子变得更长，耳朵变得更尖更长，头上的符号没了。由于胡地脑细胞的无限增长，它的额头变得更宽更为光亮。据说年纪越大的胡地脑袋也就越大。胸部和肩部依旧如同包裹在褐色的盔甲中一样，手腕部分多了两个状似护腕的褐色物体，手长着三根手指，双手均持有一把勺子。足部变得更为粗壮，膝盖上有类似护膝的褐色部分，使得它更为有力。胡地没有尾巴。胡地的智商高达5000。力量很小，不喜欢使用暴力但可以用念力来进行攻击和防御。会很多超能力绝招。
0.8	19.5	70	80	50	35	35	35	305	腕力是一种人型宝可梦。通体灰色，手部分为五个手指，足部不分趾。有着红色的瞳仁，黑色的瞳孔。头顶有三个状似瓦片的物体。此外，它还拥有着尾巴。从胸部可以看见肋骨的痕迹，身上的肌肉比较发达。
1.5	70.5	80	100	70	50	60	45	405	豪力的身体结构和人类十分接近。它的皮肤是紫色的，浑身上下的都是健壮的肌肉。它戴了一条用来限制力量的金色腰带，腰部有类似三角裤的黑色图案。他的手和脚和人一样都是五根指头，没边手臂上多出了六道红色的痕迹。它的头部仍有三片瓦片状隆起，面部类似蜥蜴类动物，鼻子较长，长有利齿。
1.6	130	90	130	80	65	85	55	505	怪力为外表和人类相似的宝可梦。它和腕力的肤色一样，并且骨骼肌肉的结构和人类十分接近。和豪力一样戴了金色的腰带，并且拥有类似三角短裤的黑色花纹。手臂上的红色痕迹消失了，最大变化是多了一双手，脚分为两趾。头上仍有三片瓦状凸起。眼睛为红褐色并有黑色的瞳孔，长着白色的厚嘴唇，没有耳朵和鼻子。
0.7	4	50	75	35	70	30	40	300	喇叭芽是植物型的宝可梦。黄色的头部就像喇叭一样，长着黑色的小眼睛，“喇叭”口是一圈粉红色的边缘，这就是喇叭芽的嘴巴。根、茎还有叶子都和植物非常相似，小片绿色的叶子成为手，褐色的根部成为脚，身体则是根部会聚成的稍粗一点的茎。
1	6.4	65	90	50	85	45	55	390	口呆花为喇叭形状的花宝可梦。进化后的口呆花的黄色头部变得更大了，嘴巴也随之变大。根部已经退化了，变成了身后的褐色挂钩。仍保留了两片叶子，不过是长在黄色的花的两侧。长着圆圆的黑色大眼珠，额头上增多了3个深黄色斑点。
1.7	15.5	80	105	65	100	60	70	480	大食花的外表很像猪笼草，主要部分还是黄色的带有深黄斑点的花。进化后的大食花能够直立，头部长出了一片叶子以遮住它朝天的巨口，口部长出了尖利的牙齿，嘴巴下方有一双很小的眼睛。口中有能散发出芳香的液体，能吸引猎物。原本的褐色枝条变成了末端带有黄色小叶片的长藤鞭。身体两侧的叶子也变得很大，能作为大食花双手。
0.9	45.5	40	40	35	50	100	70	335	玛瑙水母是水母外形的宝可梦。通体为蓝色，有一个菱形的鼻子。头部两侧有两大块类似红色玛瑙的透明物体，额头正中有一块稍小一点的。身体下部有两条灰色的触手。身体大部分都是由水构成的。
1.6	55	80	70	65	80	120	100	515	毒刺水母为水母外形的宝可梦。头部为蓝色，与玛瑙水母相比更宽更大了，头上依旧有两块大一块小的红色玛瑙状物体。眼睛转移到了下部的黑色部分上，并且生长出了蓝色的类似钳子的物体。触手数量增加到80根，只不过会随着年龄的增大而脱落。
0.4	20	40	80	100	30	30	20	300	小拳石就像一颗灰色的圆石头。有隆起的石头眉毛、梯形的眼睛跟咖啡色的虹膜，还有一双肌肉发达的手臂，手有五根手指头。
1	105	55	95	115	45	45	35	390	隆隆石是拥有石头外表的球状宝可梦。它的皮肤呈灰色，比进化前更加坚硬且凹凸不平。隆隆石有四只手臂，并主要使用比较长的两只去举起东西，用比较短的两只去防御攻击。此外，它另有两只很短的脚。不过比起用脚走路，隆隆石更常蜷缩六肢，像球一样通过滚来移动。
1.4	300	80	110	130	55	65	45	485	隆隆岩的身体就像一颗被岩石覆盖的大圆球。隆隆岩的头从身体的中央凸出，双手各有三根手指，而双脚各有五根，其中四根在前、一根在后，皆带有尖利的指甲。跟进化前不一样的是，隆隆岩有对红色的眼睛，而且它的脸不再那么像岩石了，比较像是乌龟，而且下颚有两颗牙齿。相比于用脚跑步，隆隆岩在快速移动时通常是将头和四肢缩进身体里，像球一样滚动。
1	30	50	85	55	65	65	90	410	小火马是马外形的四足宝可梦。它的身体是白色的，从头顶至尾巴以及四肢上长着燃烧着的火焰鬃毛，仔细看的话头上的毛发比起其它地方更加整齐。它还有着四只比钻石还要坚硬的蹄子。小火马的身体很轻健，腿部拥有强大的弹跳力，同时也能够以高速奔跑。小火马比钻石还坚硬的蹄子能给贸然出现在它背后的目标予以重创。作为火属性宝可梦，小火马能学到大量火属性招式。
1.7	95	65	100	70	80	80	105	500	烈焰马是马外形的宝可梦。作为进化形，身材比小火马高大了不少；通体淡黄色，从头顶沿着脊背至马尾长着熊熊燃烧的火焰鬃毛；头顶上生出了一根类似于独角的物体；眼睛呈火红色。烈焰马是能跳得最高的宝可梦。同时，烈焰马也拥有着超强的冲刺能力和奔跑能力，能以超过240千米的时速奔跑。而且它身上的火焰也会随着速度的增加而越烧越旺盛。
1.2	36	90	65	65	40	40	15	315	呆呆兽周身呈粉红色，体态偏胖。耳朵是卷状的；又圆又大的眼眶中只有很小的瞳孔，显得目光呆滞；嘴巴呈奶油色，上颚可以看见有两颗牙齿。四肢短小，手脚都有一根爪子；有一条较长的粉红尾巴，末端呈淡粉色。
1.6	78.5	95	75	110	100	80	30	490	呆壳兽是双足行走的粉色宝可梦。呆壳兽的头部和呆呆兽几乎一样。腹部为奶油色的带状条纹。由于直立行走，呆壳兽的四肢也更长了，前爪长出了三根爪子，后爪为两根。呆壳兽尾巴上的陀螺状贝壳可以说是大舌贝转化而来的“进化素材”，贝壳的牙齿紧紧咬住尾巴，上面散布着尖刺和深色的斑纹。
0.3	6	25	35	70	95	55	45	325	小磁怪是灰色的类似机械的宝可梦。小磁怪只有一只眼睛，位于圆球形身体的中央，身体左右各有一个马蹄形磁铁，磁极是相反的。头顶有一个大号螺丝，身体前侧有两个小号螺丝。所有的螺丝和磁铁都能自由转动。
1	60	50	60	95	120	70	70	465	三合一磁怪就像是三个小磁怪组合而成，所以每一个的外貌和小磁怪差不多，但磁铁的位置有所改变。下部中间的两个磁铁向前伸出，作为它的手使用。旁边的两个小磁怪身上只有两个螺丝钉。
0.8	15	52	65	55	58	62	60	352	大葱鸭并不像普通鸭子那么臃肿，全身覆盖着褐灰色的羽毛，前胸及腹部为乳白色。黄色的脚分为三趾，没有脚蹼。头顶部竖立着三根“呆毛”。额头间的黑色V字形状和一直拿着的大葱是它的显著特点。大葱鸭拿着的大葱状茎是大葱鸭的重要武器，能像刀一样切断杂物。
1.4	39.2	35	85	45	35	35	75	310	嘟嘟有点像鸵鸟，它的肚子是球形的。它有两个头，头上长着长而尖锐的鸟喙和小黑豆一样的眼睛。脑袋依靠黑色的脖子连接身体。虽然是飞行属性，但并没有翅膀，身上和脑袋也只有一层绒毛。
1.8	85.2	60	110	70	60	60	100	460	嘟嘟利有三个头，分别代表着开心，愤怒与悲伤。每个头上有两根黑色的羽毛，大腿部分覆盖了黑色的羽毛，拥有粉红色的尾巴。嘟嘟利跑步的速度很快，能以每小时60千米的速度奔跑。
1.1	90	65	45	55	45	70	45	325	小海狮拥有海洋哺乳动物的造型，头顶有一个突起。嘴巴两边有向上翘起的牙，吐着舌头。尾巴一分为二，像是喷泉涌起的浪花。虽然在陆地上行动不方便，但只要进到冰冷的海水里就会很有精神。毛皮非常厚实，在零下40度的寒冷海水中也能生活。
1.7	120	90	70	80	70	95	70	475	白海狮是雪白的，它与小海狮一样头上拥有尖角，以及嘴巴边有两个向下的牙齿，眼睛变大了。身体两侧的手变为了类似鳍的物体，尾巴进化后就变为了一条尾巴。
0.9	30	80	80	50	40	50	25	325	臭泥是基因突变而成的，它全身都是由烂泥构成，身上环绕着深紫色的条纹。由于没有脚，所以可能运用蠕动方式来行走，它拥有双手。喜欢吃脏东西，会聚集在肮脏的环境中。如果吃干净了垃圾会吃建筑物，因此回收工厂的工人只会适量的给予它们垃圾来吃。
1.2	30	105	105	75	65	100	50	500	臭臭泥全身都是烂泥，明显进化后嘴巴变得更大，更凶了，双臂变得更长了。会散发出非常恶臭的味道，人们踩到了臭臭泥就会被攻击，认为人们侵犯了它的领地。
0.3	4	30	65	100	45	25	40	305	大舌贝与蛤蜊的构造相似，内部被尖硬的壳包住了，上下两只壳各有两个尖刺。眼睛位于壳内的黑色软体中，它总是把舌头吐出来。咬住呆呆兽尾巴时会与它合进化为呆壳兽。
1.5	132.5	50	95	180	85	45	70	525	刺甲贝被双重贝壳保护，本体上面有一个突出来的角，最外边的壳也有一些突出来的角，嘴巴开始显露了出来。
1.3	0.1	30	35	30	100	35	80	310	鬼斯似乎除了有紫色光辉的烟雾围绕着的一个幽灵物质或气体所组成的黑色球状外什么都没有。鬼斯有大的白色的眼睛、很小的瞳孔和其中有一对獠牙的嘴，如果猛地看见它说不定会被吓到。它的脸和刺甲贝的略有相似，但这两种宝可梦无甚联系。因为鬼斯由气体构成的身体，它能潜入它想去的任何地方。然而当暴露在强风中的时候它的身体会被吹散变小，但它也许之后还能重新生长回来。鬼斯能够通过用有毒气体将其包围起来在两秒钟内使一头印度象倒下。
1.6	0.1	45	50	45	115	55	95	405	鬼斯通是紫色的幽灵样子的宝可梦，它有圆形的身体，带着一对与身体分离的手，三只手指悬浮在身体之前像游魂一般。鬼斯通在脸的两边有三个一组的刺状突出，似乎是悬吊着的一绺乱蓬蓬的毛发。它有三角形的白色眼睛，里面有黑色的瞳仁；它的嘴里有几颗尖锐的紫色牙齿。
1.5	40.5	60	65	60	130	75	110	500	耿鬼是有着圆形外形的深紫色宝可梦。它的手连接着它身体的其他部分，而且它有了一双腿和一个短而尖的尾巴。耿鬼的眼睛是红色的，背后有些刺状的突起，它的嘴角经常弯弯的，带着一丝阴险恐怖的微笑。耿鬼十分顽皮，有时甚至很凶恶。它们喜欢恶作剧，比如装作别人的影子，然后做出和人不一样的动作。当它的猎物注意到时，耿鬼就因为其受害者的恐惧而欢喜起来。然而耿鬼也众所周知地忠实于善待它的训练家，当训练家对它很好的时候，它的笑容就会不那么阴险也更友善。耿鬼也会施放诅咒。
8.8	210	35	45	160	30	45	70	385	大岩蛇类似于蛇，它很长，大岩蛇大概有10米长，它是由很多个大石头构成的，由头部向尾巴的灰色石块越来越小。最前面的石头是它的头，该石头上有它的眼睛，另外石头顶部有一个角。大岩蛇的头里有磁铁，即使身在土中也能清楚地知道自己究竟面对哪个方位。它在土壤中挖掘的速度高达80千米。
1	32.4	60	48	45	43	90	42	328	素利普的身体为黄、褐两色。上半身为黄色，下半身为褐色，其颜色的分界线为波浪状。双手分为三指，双脚分为两趾。鼻子略长，上有褶皱。眼睛很有迷惑性。只要抽动鼻子，就可以知道别人的梦境。据说在和训练家变得亲密之后，能为他们带来好梦。因为会催眠术，所以人们会利用它来治疗不眠。
1.6	75.6	85	73	70	73	115	67	483	素利拍从进化后下半部的深黑色都变成黄色了，颈部中有一些白色的毛发。头上有尖尖的耳朵，鼻子也变短了，手里拿着一个可用于催眠的圆环。它对催眠术非常擅长，只要盯着它的钟表看3秒，任何人都会睡着。
0.4	6.5	30	105	90	25	25	50	325	大钳蟹有点像招潮蟹，大钳蟹的体色由红色和白色组成，头部的上半部分和两只蟹爪为红色，其余部分为白色。头顶有两个突起，下颌部分有着状似牙齿的凸起。六条肢体（包含钳子）都分节，它似乎还可以吃。
1.3	60	55	130	115	50	50	75	475	巨钳蟹相比于大钳蟹身体变为了红色，巨钳蟹的头上布满凸起，左边的钳子长大了很多，嘴巴生出了很多牙齿。身体只有头与钳子是红色的，其余部分是白色的。
0.5	10.4	40	30	50	55	55	100	330	霹雳电球是没手也没脚的球形宝可梦。它们看起来像一个减去按键却有脸的精灵球，上半部是红色的，下半部则是白色的。它们第一次被看见是在发明现代精灵球的工厂里。霹雳电球和它的进化形，顽皮雷弹，可以成为一种能量，但不清楚请能量是从哪里来跟它是如何创造它们的。它和精灵球的相似之处似乎在暗示霹雳电球是人造宝可梦
1.2	66.6	60	50	70	80	80	140	480	顽皮雷弹是没有手臂和腿的圆形宝可梦。它们看起来像一个倒着的精灵球。因此许多训练家们在无人发电厂里会试着捡起它们，错把其当成了地上的道具。其进化前形态霹雳电球从形状和颜色上看都像一个普通的精灵球，而顽皮雷弹的颜色则是倒转的（红色在下白色在上）并有一张嘴。顽皮雷弹吸取越多的电力它行动就越快。当它被震动的时候，就有可能发生爆炸。
0.4	2.5	60	40	80	60	45	40	325	蛋蛋看起来是六个浅粉色的蛋，蛋壳上会有些许裂纹，一般的排列形式都是五个头挤在第六个头周围。每个“头”有一副稍有不同的面部表情，但是每张脸都有小小的嘴巴和三角形的眼睛，里面有小而黑的锥形瞳孔。六个蛋中的其中一个会暴露着蛋黄（或是大脑）。尽管看起来像是蛋，但蛋蛋实际上与植物种子关联更大。
2	120	95	95	85	125	65	55	520	椰蛋树是很高的宝可梦，看起来很像一棵椰子树或菠萝树，只是它有腿。椰蛋树的腿和身体看起来像树干，它的腿很粗，脚上有两根脚趾，脚下部有浅黄色的肉垫。从它身体的顶端抽出一些叶子。椰蛋树有三到六个圆形的浅黄色头部，看起来像椰子。类似蛋蛋，它的每个头上都有不同的面部表情。阿罗拉地区的椰蛋树的身高暴增至10米，看上去就像长颈鹿一样，它的尾巴上也有一个头，用来对付身后的敌人。
0.4	6.5	50	50	95	40	50	35	320	卡拉卡拉戴着的骨头面具是它母亲死去后留下的头骨，边缘有些开裂，只有眼睛可以看见。它拿着一根骨头，并作为武器，身体是褐色的，腹部为亚麻色，手指、脚尖有着白色的指甲，还有着短短的尾巴。
1	45	60	80	110	50	80	45	425	嘎啦嘎啦是一种两足的宝可梦，腹部为浅褐色，身体大部分为深褐色。嘎啦嘎啦的尾巴上有一个尖状物，每只手上有一个小爪子来充当它的拇指，两个趾甲则作为它的脚趾。嘎啦嘎啦的头部和曾经戴上的头骨结合，现在是身体的一部分，因此无法再拿下头骨。嘎啦嘎啦的下巴也被骨覆盖，它的鼻孔位于头骨的鼻子处，眼睛的形状近似三角形。手中的骨头棒是出生起就握着的，但也有是从传闻中嘎啦嘎啦专属的墓地捡到的说法。
1.5	49.8	50	120	53	35	110	87	455	飞腿郎是一种人形宝可梦，通体为褐色，部分为卡其色。双手双脚各有一部分为弹簧的形状，弹性很好，可以自由伸缩。没有嘴巴，眼睛很深邃，边缘为黑色，瞳仁为白色。双脚的内侧各有一个坚硬的黄色物体。
1.4	50.2	50	105	79	35	110	76	455	快拳郎穿着类似裙子一般的武士盔甲，坚硬无比可以充当防护的作用。 他和飞腿郎一样是褐色，头部生出了片状的“头发”。并且戴着拳击比赛的拳击手套，会在敌人不经意的时候伸长褐色的手臂给予猛击。
1.2	65.5	90	55	75	60	75	30	385	大舌头就像它的名字一样，拥有一个巨大的舌头，它的腹部上有多个向下的月形条纹，就像是多个笑脸那样，腿部上的膝盖有圆环的形状，它还拥有一个大尾巴，全身都是粉红色与红色的，是看起来蛮可爱的宝可梦。
0.6	1	40	65	95	60	45	35	340	瓦斯弹是一种球形宝可梦，全身为紫色。全身分布有凸起，部分凸起会散发出毒气。嘴里有两颗向下的尖牙，带着邪恶的微笑。腹部有一个骷髅形的图案，结合现实象征着有毒的物品。瓦斯弹可以引爆体内的瓦斯气体从而产生威力巨大的大爆炸，但是这么做会牺牲自己。
1.2	9.5	65	90	120	85	70	60	490	双弹瓦斯是由两个瓦斯弹组成的，中间有一个连接点连接着它们两个，全身的凸起向外界泄露着毒气。其中前面的长相更加凶恶，且有一个骷髅头的标志，后面的瓦斯弹只有圆环的标志。
1	115	80	85	95	30	30	25	345	独角犀牛是一种四足兽形宝可梦，全身为灰色。全身覆盖着刀枪不入的灰色铠甲，用于保护自身和攻击敌人，背部的一块铠甲带有弧形的缺口。头部有一个小小的角，四肢较短，有一个很小的尾巴。
1.9	120	105	130	120	45	45	40	485	外形有点像恐龙，全身呈灰色，额头上有一个很尖锐的钻锥，是很有力的武器。手上拥有三个抓，头上有几个突出来的尖角，背部上有几个尖刺物，庞大的脚上有二个抓，粗壮有力，颈部粗且短，其上有个弘形的盔甲，拥有一条强而有力的尾巴，以保持身体平衡。并且尾巴上有几条线条。
1.1	34.6	250	5	5	35	105	50	450	吉利蛋有粉色的、蛋形的身体。它有头发状的伸出物在头的两侧，取代了小福蛋头顶上的一根卷毛。吉利蛋有短手和短尾巴。吉利蛋身体的下部比较胖，有一个口袋，口袋中还有一个蛋。野生的吉利蛋十分稀有，据说收服到它的人可以获得它的友谊和非常的好运。吉利蛋每天能生数个蛋。它的蛋很有营养并且极其美味。作为善良的宝可梦，吉利蛋会把蛋分给它偶然发现的受伤的宝可梦。吉利蛋走路十分小心，这是为了保护它的蛋不受到伤害，不过在遭遇危险必须逃跑时，它可以达到一个惊人的速度。
1	35	65	55	115	100	40	60	435	蔓藤怪周身覆盖着厚厚的蓝色藤蔓，脸被藤蔓遮住，只能看到它的眼睛。藤蔓使得它的身体呈圆形，它除去藤蔓的样子谁也不知道。它的藤蔓上覆盖着细毛。蔓藤怪有一双红色的像穿了靴子的脚，但看不到它的手臂。
2.2	80	105	95	80	40	80	90	490	袋兽是一只双足兽形宝可梦，全身大部分为褐色，耳朵以及腹部为灰黄色。肩部及腿部有多处凸起，像是用来保护的铠甲。肚子前面的育儿袋里面有着它的孩子，小袋兽的身体为淡紫色，其余部分与它的母亲很相似。
0.4	8	30	40	70	70	25	60	295	墨海马是一种柱状宝可梦，身体大部分为蓝色，前腹部以及背后的鳍为浅黄色。它的虹膜是红色的，头部左右两侧各有三个尖刺，通过长长的柱形嘴巴向外喷射墨汁。尾巴向前卷曲，呈逆时针状。
1.2	25	55	65	95	95	45	85	440	海刺龙身上长满了角或尖刺，尾巴呈卷形，而且比墨海马更大，更强壮了，海刺龙身上的颜色有米色，蓝色。嘴巴由圆柱状变为了三棱柱状。
0.6	15	45	67	60	35	50	63	320	角金鱼是一种鱼形宝可梦，身体大部分为白色，肢体连接处为红色。它有着粉色的性感的嘴唇。身体两侧有着鳍。尾巴呈波浪状。头顶上有着尖利的角，若是不小心惹怒了它，便会遭受猛烈的一击。
1.3	39	80	92	65	65	80	68	450	金鱼王看起来像一只锦鲤或金鱼，因为它是以橙色为主的一条大鱼。它有着黑与白的斑点。有着鼓起的尾和类似胸部的鳍，全部都是白色的并且有黑色的斑点。在它的背上有另外的纯白色的小鳍。它也有一个中小的角在头顶，两只大的黑眼睛和粉色的嘴唇，还有两颗小小的尖牙。
0.8	34.5	30	45	55	70	55	85	340	海星星的身体主要由柔韧的、金褐色的星星形状组成，它也由此得名。在它的五个触手之间，即它的身体正中有一个外露的叫做核心的器官由金片固定住。这个核心类似红色的宝石，其作用近似于海星的穿孔板。有一个金色的环绕住它的腿，将其核心固定。
1.1	80	60	75	85	100	85	115	520	宝石海星和其进化前形态海星星一样看起来像一只海星。它的主体是淡紫色的，但仍保有它身体前部的金色结构。宝石海星身上的红色宝石比海星星的大，并且发展得近似于切割宝石的样子。进化给它带来的最大的变化是它后面长出了新的一个星星。它的第二组手臂是半连接的，能够旋转360度。可以使用它来攻击。
1.3	54.5	40	45	65	100	120	90	460	魔墙人偶长得有点像人类，在它的四根指头上都长着一个吸盘，除了战斗以外，它还是做家务的好帮手。小智家里有一只帮妈妈做家务
1.5	56	70	110	80	55	80	105	500	飞天螳螂是一种两足的昆虫生物。在它爬行动物般头的上面有三个分立的角，前臂是两只用于捕猎以及战斗的白色大镰刀。大腿上充满了尖刺一般的皮毛，双足上各有三个长了爪子的脚趾。虽然飞天螳螂刀刃般的翅膀能够让它飞起来，不过实际中很少能看见飞行的飞天螳螂。
1.4	40.6	65	50	35	115	95	95	455	迷唇姐是人形的宝可梦，看起来有些像一个高贵而又憨厚的妇女。它穿着红色的藏住脚的长裙，有白色的手臂和紫色的双手。迷唇姐有紫色的脸、粉色的嘴唇、碟子形状的眼睛和长长的金发。它看起来是以歌剧里有见的北欧公主为原型。起初，迷唇姐的脸是黑色的，引起了一些争议
1.1	30	65	83	57	95	85	105	490	电击兽腹部上有个黑色电符号，它整个身体也有一些黑色的皮肤，就像是老虎一样，头上有两个像是导电体的东西，能帮助它蓄电。
1.3	44.5	65	95	57	100	85	93	495	鸭嘴火兽头上有向上的火焰，像是它的头发，腹部上有火符号，全身好像都是火。另外它的嘴很像鸭子的鸟喙。体温高达1200度，在越热的地方越有精神。
1.5	55	65	125	100	55	70	85	500	大甲头上有二个大而具有攻击性的角，就像是现实中的锹形虫。它的牙齿是左右一排牙刷状的。大甲是害怕寒冷的宝可梦，在天气寒冷的夜晚会躲在土里睡觉。
1.4	88.4	75	100	95	40	70	110	490	肯泰罗外形是牛，颈部有毛发，它拥有三条尾巴。额头上有三个点。那对犄角是它有力的武器。
0.9	10	20	10	55	15	20	80	200	鲤鱼王是一条红色的鱼，它也有像鲶鱼的长丝在口边，头上就戴着一个金色的王冠。鲤鱼王的生存能力很强，无论位于多么肮脏的水中都能活下去，就算在没有水的陆地上也能活很久。总是漫无目地的随意乱跳，但也常因此而被比比鸟抓到。
6.5	235	95	125	79	60	100	81	540	暴鲤龙的外形像龙，它的外貌就像是在恐吓别人，头上有青色的向上的三个角。背上有宏字型的甲板。超级暴鲤龙看起来更短，更粗，胡须也变得更长了。进化了之后性格特别暴怒，会平白无故的攻击人类及其他宝可梦，即使并没有惹暴鲤龙。因为它的性格，有的暴鲤龙从鲤鱼王进化了之后会不听训练者的话。
2.5	220	130	85	80	85	95	60	535	乘龙背上有灰色的壳，十分坚硬，那壳上突出来的看起来凹凸不平的东西，可能是让搭乘者用于扶把以稳固搭乘者。
0.3	4	48	48	48	48	48	48	288	百变怪浑身都是稍淡的紫色。它拥有一双小小的黑眼睛，身体软而富有弹性。可以通过改变自身的细胞组合并复制一切被复制对象的细胞组合而幻化为看到的一切的样子，甚至可以使用对手的招式。
0.3	6.5	55	55	50	45	65	55	325	伊布的外表看起来基于狐狸，全身的毛大部分为褐色。它蓬松的尾巴的尖端和颈部的绒毛呈奶油色。伊布的腿短而细，各长有三趾和粉色的爪垫。伊布有褐色的眼睛、像兔子一样的长耳朵和小小的黑鼻子。伊布的基因十分不稳定，可能会因为周边的环境差异而忽然进化成不同种类的宝可梦。火伊布、水伊布、雷伊布可以分别使用火之石、水之石或雷之石得到。
1	29	130	65	60	110	95	65	525	水伊布的身体是蓝色的，颈部上有白色状物，还有两个看上去像是耳朵的鱼鳍，身上布满了与身体异色——深蓝色，这种颜色的条纹延伸到尾巴处，而尾巴是呈鱼类的尾鳍形。
0.8	24.5	65	65	60	110	95	130	525	雷伊布的身体是黄色的，颈部和身体布满了白色和黄色的尖刺，就像雷电一样扎人，又如避雷针那样尖利。能够喷出高达10000伏特的电力。在遇到野生的宝可梦时身体上的静电变成坚硬的针，可以刺伤对手。发怒时会将针像导弹一样的发射出去。雷伊布还拥有相当快的速度，因此有些地方甚至让它担任看守其他宝可梦的工作。
0.9	25	65	130	60	95	110	65	525	在三只伊布的进化形态中，火伊布是外表最像伊布的。火伊布的身体上的皮肤是火红色的。它有一条大而毛绒绒的尾巴，脖上也有绒毛的。它的额头上也有一撮小毛，这些毛全部都是黄色的。它爪子上的爪垫也都是黄色的。火伊布的身体的温度非常高。火伊布从“炎囊”中喷射出的火焰的最高温度可以达到1700摄氏度
0.8	36.5	65	60	70	85	75	40	395	3D龙是为人们众所皆知并且深深铭刻在心中的，第一个在现代被故意制造的人造宝可梦。泥偶小人和泥偶巨人是由古代文明创造的。3D龙是由宝可梦研究中心依据希鲁夫公司的报告所创造。此外，3D龙为火箭游戏城的奖品宝可梦，可见得火箭队参与了3D龙的制造
0.4	7.5	35	40	100	90	55	35	355	菊石兽与蜗牛十分相似。又十分像远古时期的生物菊石虫。它有着许多蓝色的触手，多而利于攻击。它的背上有一个十分巨大的壳。用来保护自己。
1	35	70	60	125	115	70	55	495	多刺菊石兽拥有和蜗牛差不多的壳附在身上，壳上有刺，他的眼睛看上去令人感到有些恐惧。和菊石兽一样，它也来自远古。
0.5	11.5	30	80	90	55	45	55	355	化石盔有着棕色的半球形的外壳，壳的上面有两个黑色圆点，类似眼睛。它有着坚硬外壳，用来保护自己。它与被称为“活化石”的鲎十分相似，只是没长剑似的尾巴。
1.3	40.5	60	115	105	65	70	80	495	镰刀盔身上有褐色和白色，手的部分有两个镰刀，头上也有一小部分是突出来的。根据考证由于它的猎物在陆上生活，因此也跟着来到陆地上。
1.8	59	80	105	65	60	75	130	515	化石翼龙的身体是灰色的，翅膀上有部分是紫色的，原形与白垩纪的翼龙很像，它的爪子有四个。根据设定，原本的样貌是复活不完全的产物，而根据图鉴的介绍：有些学者认为超级进化后的化石翼龙才是古代时期真正的样貌。性情凶暴，是当时的天空王者。
2.1	460	160	110	65	65	110	30	540	卡比兽的身体颜色有点接近蓝色或藏青色，它的腹部上是白色的，眼睛总是眯起来的而且没有看过它开过。卡比兽的胃非常强壮。不管是怎样的毒都可以用胃液消化，因此吃下腐烂的东西也没有问题。卡比兽吃饱就睡，睡醒就吃，毎一日也重复著。因此逐渐变得肥胖继而变得难以移动身体。
1.7	55.4	90	85	100	95	125	85	580	三圣鸟之一，急冻鸟是一种大型鸟类宝可梦，具有显而易见的蓝色鸟类羽毛，翅膀据说由冰化成。急冻鸟拥有由三只深蓝色棱形羽毛组成的头冠和圆形的红色眼睛。其喙短小呈灰色，与又长又细的双腿同色。急冻鸟拥有长的，彩旗状的尾巴，其长度长于急冻鸟的身体，与头冠同色。
1.6	52.6	90	90	85	125	90	100	580	三圣鸟之一，闪电鸟是一种明显长有黄色羽毛的鸟类宝可梦。其眼周有黑色环状包围，长有橘色的长尖喙。其翅膀和尾巴包有大量尖钉似的羽毛，其翼背部和尾羽内侧长有黑色羽毛。头冠完全由一大撮尖锐的羽毛构成。其腿部为土黄色，大腿部分没有任何羽毛，并在足部分出脚趾。尾巴很短。闪电鸟能控制雷电，改变天气。这原因使闪电鸟经常被人们敬为雷神。
2	60	90	100	90	125	85	90	580	三圣鸟之一，火焰鸟是一种长有红色羽毛的鸟型宝可梦。它长有长的流线型头冠和如火般翻腾的尾巴，均有火焰构成。其翅膀也由火焰状的羽毛覆盖。其喙直而尖，是近褐色的皮肤色，分趾的足部为褐色。火焰鸟多栖息在炎热的高地或是火山附近。
1.8	3.3	41	64	45	50	50	50	300	迷你龙是蛇形的宝可梦，生活在湖泊和江河里。它们头部两边有白色的鳍片，脸上有大大的圆形银色鼻子，还有紫色的眼睛。它们是特征是头上的白色环形图案。迷你龙会不断成长，它们能长到很长。在成长过程中它们蜕下娇嫩的深蓝色皮肤。迷你龙看起来比它的进化形哈克龙体型更加粗壮。
4	16.5	61	84	65	70	70	70	420	哈克龙是体长能到13英尺的蛇形宝可梦。它有黑亮的眼睛，前额上小小的角。头的两侧长有小的羽毛状的翼。除了亮白色的肚子，哈克龙全身覆盖着蓝宝石色泽的鳞片。哈克龙独一无二的特点是它们脖子下方和尾巴末端的蓝色小珠子。它看起来有些像它的进化前型迷你龙的放大版，却比迷你龙细长。并且可以飞。
2.2	210	91	134	95	100	100	80	600	快龙是一种似龙的双足宝可梦，通体橘色。快龙的眼睛大而灰，口鼻部圆滑，鼻孔小。在其头部顶端有两根长而细的触角和一只小角。快龙带有条纹的腹部呈奶油色，并一直延伸到长尾的尖端。快龙粗壮的四肢末端各有三只爪子。它的腿部与身体的结合处界限分明，但臂与身体的连接处却十分光滑。快龙的翅膀相较其躯体显得很小，长有翼膜，可以将其托上天空。
2	122	106	110	90	154	90	130	680	初代神兽，超梦的体形与梦幻相去甚远：其形象类似于双足猫科动物，通体银灰，尾巴和腹部呈现紫色，由背部中心伸出的体外神经束一直延伸到后脖颈。身高和人类相当。超梦是非常凶暴的，据说是因为多次的基因重组造成的。
0.4	4	100	100	100	100	100	100	600	初代神兽，外表像一只粉红色小猫，尾长约为身高的两倍，尾尖为橄榄形。眼睛呈三角形。梦幻富有智慧、好奇心、童心和无私奉献的精神。同时梦幻具有难以置信的适应力，能够在水中自由穿梭，在空中任意翱翔。梦幻拥有所有宝可梦的基因，几乎所有宝可梦的招式它都会，因此很多人都认为它就是宝可梦的始祖。
0.9 	  6.4 	45	49	65	49	65	45	318	菊草叶是种主要色调是淡绿色的小型宝可梦，头上有一片深绿色的叶子，脖子长著一圈芽。跟身体其他部位相比头部相当大，红色的大眼中看上去没有瞳孔，四只短脚分别有一根带指甲的脚趾，它还有一条小小的尾巴。它最大的特点是头上的大叶子，叶片长度常常超过身体其他部份的长度。
1.2 	15.8 	60	62	80	63	80	60	405	月桂叶长得像是淡黄色的蜥脚下目恐龙或是蜥蜴。脖子上长著一圈像卷起来的叶子一样的植物，据称这些蕾的里面是小树的芽。一片镰刀形状的大叶子从月桂叶头上突出来。月桂叶有著红色的眼睛，分别有一个大脚指甲的四只脚，和一条小小的尾巴。月桂叶比它进化前的形态，月桂叶皮肤的颜色由绿色变成黄色。
1.8 	100.5 	80	82	100	83	100	80	525	大竺葵是外貌类似蜥脚下目恐龙的宝可梦。不像进化前的两个阶段，菊草叶和月桂叶，头上的叶子被取代成大竺葵鼻子上的两根蕊状突起，每根顶端都附有它们的花药。也和进化前不一样的是，虹膜是黄色而非红色，四只脚分别有三根脚趾而非一根。围绕脖子的叶子似乎已经长成一朵粉红色的大花，中央有黄色的图案，末梢是白色的。大竺葵的颜色和跟菊草叶类似，而月桂叶的身体主要颜色则是米黄色。
0.5 	  7.9 	39	52	43	60	50	65	309	火球鼠像现实中的鼩鼱。它的头部除长吻外呈球形，而长吻是火球鼠最大的特点之一。火球鼠的颜色可以分成两部分：背部及头部上方为墨蓝色；头部下方、胸部、腹部及四肢则为奶黄色。它的背部上有四个红色的小孔，战斗、遇袭或受到惊吓时会喷出火柱。所以训练家在刚收服火球鼠时不能触摸它的背部，否则会被它背部的火焰烫伤。
0.9 	   19 	58	64	58	80	65	80	405	基本上与火球鼠类似，但头顶上多了一处类似于毛发的火焰，身体也变长了。火焰威力比火球鼠强了很多，在使用火属性招式时威力很大，很容易灼伤对手。相比火球鼠要勇敢了一些，会用背上的火焰威吓对方，背上的火焰猛烈了不少。
1.7 	79.5 	78	84	78	109	85	100	534	火暴兽与进化前相比，体形变得更大，火焰变得更猛，更习惯站立。对背上的火焰学会得炉火纯青，喷射出来像火山爆发，能用爆炸的气浪攻击对手。性情变得极其火爆，十分容易生气，发怒时背上的火焰会燃烧得十分可怕，甚至会爆炸。
0.6 	  9.5 	50	65	64	44	48	43	314	小锯鳄就像蓝色双足的小鳄鱼。拥有发达的下颚，上颌有两颗尖牙，下颌两侧各有一排三颗尖牙，肚子上有著浅黄色像V形的条纹，一直延伸到手臂，背部有四个红色的角，手掌长有五爪，脚则有三趾。它眼瞳为红色，眼睛周围有着黑色的花纹。
1.1 	   25 	65	80	80	59	63	58	405	蓝鳄如同一条蓝色的鳄鱼，肚子的米色花纹形状如同蛋壳，同样为米色的下颚咬合力惊人。头部、背部、尾部均分布着红色的骨板。
2.3 	88.8 	85	105	100	79	83	78	530	大力鳄以大下巴很锐利的獠牙为特征，其下颚和腹部骨甲为米色，头部、背部和尾部长着锯齿状的红色骨板。大力鳄全身上下的鳞片呈蓝色，并且有长方形鳞甲凸出，它的咬合力与进化前相比更加恐怖，前肢也变得更加强壮。
0.8 	    6 	35	46	34	35	45	20	215	尾立拥有椭圆的褐色身体，有像兔子一样的深褐色耳朵，外耳是桃红色的。两颗豆子大小的黑色眼睛，手与身体相接的地方有层厚厚的皮肤，就像蝙蝠一样，看起来很柔软。肚皮上有一圈状的白色的花纹。它还拥有一条比身体还长的尾巴，上面布有深黑褐色的圈状花纹，在望风的时候会把身体立在尾巴上。
1.8 	32.5 	85	76	64	45	55	90	415	大尾立的身体有褐色和米白色, 如果它的身体缩成"一"字形, 就能看出它的身体很长, 它有一双前半段褐色后半段米白色的小手(从外到里), 从它腹部开始到尾巴部分就有一层米白色一层褐色月形皮肤的规律, 最后的部分是白色, 它嘴巴旁有二个褐色的一个向上向下的长方形标记, 它有两个尖耳朵, 耳朵的颜色是(从下到上)上半段褐色, 与只有一小部分的下半段是米白色的, 正好与它的双手相反, 它的上半段身体是米白色的, 但在头上是褐色的(连接耳朵), 头上的褐色延续一直到它背部, 大尾立进化后眼睛变得更可爱了, 而尾巴与身体也合为一身, 除此之外还有很多分别。
0.7 	21.2 	60	30	30	36	56	50	262	咕咕的身体颜色是褐色的，但在它腹部上是米色的，它的瞳孔是红色的，眼睛是黑色一个小圈，它的眼睛被像眼镜的黑色物体包围，而在它眼睛下的位置的"眼镜"突出来了。咕咕的身体是球形的，它有一个巨大到并且可以支撑它全身的腿，腿上有四个脚趾，它有一双很小的翅膀和喙，喙的颜色与腿一样是浅粉红色，头上有一个V形黑色物体。
1.6 	40.8 	100	50	50	86	96	70	452	猫头夜鹰的身体是褐色的，在它的腹部有六个向下的褐色三角形图案，它的喙和咕咕一样是浅粉红色，它有两个米黄色的爪，并且腿上有三个脚趾，脚趾与咕咕一样是浅粉红色的。猫头夜鹰的眼睛分为四层，从外算起分别是米黄色、黑色、白色、红色。它褐色的翅膀在还没张开前就像是盔甲的形状一样，它褐色的尾巴呈棱角形，它眼睛上还有一个V形的类似于眉毛的米黄色部位。
  1	10.8 	40	20	30	40	80	55	265	芭瓢虫全身是红色的，只有腹部和嘴巴下半部是米色的，腹部中间有一条直线，它有头上有一对黑色的触角，它有三对蓝色的手，但它戴着白色的手套，手套中间有一个圆圈，它的翅膀部分有五个黑点，与瓢虫有六点黑点不同， 它的眼瞳是白色的，它大大的眼睛显得它很可爱。
1.4 	35.6 	55	35	50	55	110	85	390	安瓢虫长得有点像妖精，它的头部与腹部的大小差异不大，它的嘴巴部分与腹部，和翅膀一些部分是米色的，其余部分都是红色。它有两对手，但前端是白色的，它也有一对穿着红色鞋子的脚，手，脚和颈部都是黑色的，它有一对黑色的触角，它的眼瞳是蓝色的，眼睛则是白色的。它有与瓢虫一样的翅膀，只是翅膀上各有两点黑点，而头上又有一点黑点。
0.5 	  8.5 	40	60	40	40	40	30	250	圆丝蛛的头与腹部是浅青色的，它头上长有一条白色的角，它的牙齿是红色的，它有三对足，足部上有分别有黄色与深青色，它的腹部上有两个深青色的点，加上一个同是深青色的呈月形的印记，看起来像是人的脸，腹部上也有一个圆形的深青色印记。它的眼瞳是黑色的，眼睛就是一个白色的小点。
1.1 	33.5 	70	90	70	60	70	40	400	阿利多斯的外形像蜘蛛，它只有头与腹部，它的眼瞳是紫色的。它红色的头部长出了一条角，它有两足腿部，其颜色有黄与紫色两种颜色，腹部上长有触角尖刺。它的腹部像瓢虫一样有红与黑色，腹部上有两个黑点，腹部后面长有一条黄色的角，由于腹部和头部外形有一点相似，所以可能会认不出哪边是头。
1.8 	   75 	85	90	80	70	80	130	535	叉字幅的身体都是紫色，在它的翼上可以见到三个爪子，它的头与腹部都结合在一起了。它的脚进化成了翅膀，原因似乎是让它飞得更快，但着陆也很困难。它的眼瞳是黄色的，眼睛是红色的，而且还带着凶狠的眼神，它头上有两个向后的角。
0.5 	   12 	75	38	38	56	56	67	330	灯笼鱼全身都是蓝色，外形像鱼，但它还长有一双小脚，它的鱼鳞是白色的。它头上突出了两条线，在线的末端中有一个电灯炮，就好像电灯鲨一样。它的眼瞳是圆形的黄色，眼睛则是一个黑色的十字，不过它的嘴巴很小。
1.2 	22.5 	125	58	58	76	76	67	460	电灯怪是一只蓝色的、体型较大，并且有着一对小鳍的宝可梦。电灯怪的面部是黄色的似面罩的东西。同样地，它的尾巴末端也是黄色。电灯怪头上的电灯炮从进化后，头上的电线从二条变为一条，但在电线的中间有分支，同样也有二个电灯炮，就像小树苗一样。
0.3 	    2 	20	40	15	35	35	60	205	皮丘是一个浅黄色的小老鼠宝可梦，它耳朵被黑色物体围住，颈部也有一些黑色物，它的尾巴也是黑色的。它的脸颊中有粉红色的蓄电箱，是一个很可爱的宝可梦。
0.3 	    3 	50	25	28	45	55	15	218	皮宝宝外形看起来有些像一个星形，它小小的，身体粉色。它的耳朵是褐色的，有两个小小的黑眼睛，一个小嘴巴，而且看起来它的脸颊上一直有着一抹小小的红晕。它有粗短且没有指头而是形成端点的四肢。它的前额上有一个小小的卷曲，它还有卷曲的小尾巴。
0.3 	    1 	90	30	15	40	20	15	210	宝宝丁是一个粉红色的宝可梦，它手和脚小，但是身体很大，这显得它很可爱，头上有三个球体状物，它的眼瞳是红色的，它额头上有一个蚊香的标记 。
0.3 	  1.5 	35	20	65	40	65	20	245	波克比的体型比较小，像一只蛋，身体颜色以亮黄色为主。波克比的眼睛是黑色的，头顶上长有五个刺状物，看起来有些像王冠。在睡觉时这些刺会合在一起，这时波克比看上去更加像一只蛋。波克比身体的大部分被蛋壳包裹着，它不会离开它的蛋壳。蛋壳上有一些红色和蓝色的三角环状花纹，因此很多人认为它的身体上也有类似的花纹。波克比有短而粗的手和圆圆的脚，脚上有两个趾。它们的脚底有半圆形的褐色护垫。
0.6 	  3.2 	55	40	85	80	105	40	405	波克基古是一种娇小的两足宝可梦，身高较矮。在还是波克比时的蛋壳现在已不见了，身体也由亮黄色变为白色，不过身体上仍然带着红色和蓝色的三角形式样的环。它们现在有长脖子和长腿以及背上的一对翅膀，这使它们看起来像天使一样。
0.2 	    2 	40	50	45	70	45	70	320	天然雀是小小的麻雀似的宝可梦，身子由一个头构成。它头顶的羽毛、尾巴和脚是红色，每只脚都有三个脚趾。它有黄色的喙和一对翅膀。翅膀外侧为红色，里侧为黄色，两种颜色有黑色条纹。
1.5 	   15 	65	75	70	95	70	95	470	天然鸟像绿色的秃鹰，它有一对长长的白色翅膀，翅膀顶端有红黑两色条纹。它的脖子为黑色，胸前的图案像红色的一双眼睛。它的头后有2根长长的红色羽毛，腰部有2圈黄色的条纹。它的脚爪是红色的，脚尖为白色。
0.6 	  7.8 	55	40	40	65	45	35	280	咩利羊皮肤是深蓝色的，淡黄色的蓬松的毛发包裹住大部分身体。它的耳朵和尾巴都是黄与黑色，并且重复规律黄，黑，黄，黑，以此类推。它尾巴的末端有一个橙色的球状物体，在它头上的毛发是卷起来的。
0.8 	13.3 	70	55	55	80	60	45	365	茸茸羊看起来与它的进化前身咩利羊相似，除了它的行走方式变成两足直立，并且它的脚有一个爪子的脚趾。它的皮肤现在全部都是粉红色，绒毛变得更少，所以它现在相似于一只被剃过毛的粉色皮肤的绵羊。剩余的绒毛现在是白色的，在它的头上的脖子周围。它有短而粗的手臂，黑和粉色条纹在它的肩上和尾巴上，而且它尾巴末端的球是蓝色的。
1.4 	61.5 	90	75	85	115	90	55	510	电龙没有了进化前的毛发，皮肤是黄色的，尾巴和额头上有一个红色球体，腹部是白色的，它的手是扁状的，并且只有一个脚趾，颈部耳朵与部分尾巴都有黄玉黑的花纹，行走方式和茸茸羊也相同，所以它就像是结合了它的所以有的前进化的基因。但超级电龙中再度出现毛发，且有飘逸感，超级电龙的尾巴也出现了很多红色球体 。
0.4 	  5.8 	75	80	95	90	100	50	490	美丽花与它进化家族里其他的宝可梦在外貌上十分不同。它大体是绿色的，而非蓝色；有圆形的蓝眼睛而非点状的红色眼睛；在它的脸颊上有红色的标记。美丽花的头上有两朵鲜红色的花朵，还有像裙子一样的绿色和黄色的叶子，这些都使它看起来像草裙舞舞者的样子。虽然美丽花实际上没有“脚”，而是由像草裙的叶子充当脚的替代物，宝可梦图鉴仍将它归为有双脚的宝可梦。据说越臭的臭臭花进化而成的美丽花花朵越漂亮。
0.4 	  8.5 	70	20	50	20	50	40	250	玛力露是一只蓝色的水鼠宝可梦，它的腹部是白色的，它有大大的耳朵，耳朵呈粉红色，形状是圆的。它的身体和宝宝丁有些相似，身体都是长得身体大手脚短的。玛力露的尾巴黑色部分是弯来弯去的，在尾巴末端是一个类似电龙尾巴的蓝色球体。
0.8 	28.5 	100	50	80	60	80	50	420	玛力露丽自从进化后就长高了，但手脚小的特征还是没有改变，它拥有二个粉红色而且又高高的耳朵，身体呈接近圆形的形状，身体上有六个大小不一的白色球形的皮肤，身体上都是蓝色，它腹部上也有白色的波浪皮肤，尾巴一开始是黑色的弯曲形，但到了末端就有一个蓝色球体了。
1.2 	   38 	70	100	115	30	65	30	410	树才怪的外型类似灌木树木。在动画中，一般大众的认知会以为它是草属性，而事实上它是怕水属性的岩石属性，有人会为了求证树才怪是否为岩石属性而对其进行水属性的攻击，导致树才怪落荒而逃。
1.1 	33.9 	90	75	75	90	100	70	500	蚊香蛙皇全身都是青色，但仍有一小部分是其他颜色。它的头上长出了一个卷状的物体，它的手掌是黄色的，它的三个脚趾也是黄色，它的下巴是黄色的类似于芭瓢虫，腹部也是黄色，腹部中有一个青色的蚊香状，应该是因为前进化蚊香蝌蚪的原因，它也有像皮卡丘的脸颊，它的是粉红色的，可能用于蓄水。
0.4 	  0.5 	35	35	40	35	55	50	250	毽子草有小且圆形的粉色身体。它头上长着长长的绿色的嫩叶，外形看起来像蒲公英的叶子。它很轻，能够很容易被风吹走。它有大的三角形的耳朵，其内部是暗的。它还有小小的手臂和腿和一个小尾巴。毽子草珠子一样的黄色眼睛似乎没有瞳孔。它每只脚底部都有一个黄色的环状斑点。
0.6 	    1 	55	45	50	45	65	80	340	毽子花是植物形的宝可梦，有着圆形绿色的身体和短粗的手臂、脚和尾巴。它的头两边有大而扁平的耳朵，在头顶有一朵黄色的花朵。毽子花有卵圆形的红色眼睛，但没有瞳仁。
0.8 	    3 	75	55	70	55	95	110	460	毽子棉的身体是蓝色且圆形的，有三个几乎和身体一样大的棉团从身上伸展出来：两只手臂上各一个，还有一个在它的头顶。它头顶的棉团下长着三四片叶子。毽子棉有圆形的脚和小小的尾巴，它的眼睛是红色的。
0.8 	11.5 	55	70	55	40	55	85	360	长尾怪手有某几处是米色的，那就是耳朵内部，脸部，腹部，脚底与尾巴末端，其余的部分则是紫色。长尾怪手头上长有的毛，是它性别的象征，长尾怪手的尾巴非常方便，可以拿来摘水果。
0.3 	  1.8 	30	30	30	30	30	30	180	长得像是正在发芽的种子，一对水汪汪的大眼睛，全身为黄色并带有褐色条纹。非常柔弱。就算是被袭击了也只是死命抖动叶子。
0.8 	  8.5 	75	75	55	105	85	30	425	向日花怪看上去特别像现实中的植物向日葵，它的两片叶子很大，可以用来进行光合作用，积蓄的能量可以从头上发出。是群居宝可梦，不喜欢孤单。向日花怪在白天的时候会随着太阳移动，夜晚则将花朵闭起来休息。
1.2 	   38 	65	65	45	75	45	95	390	蜻蜻蜓如同蜻蜓一般，有着三对脚，不同的是他并没有复眼。通体为红色，头上长有两支小角，尾部两侧有类似飞机尾翼的构造，末端有一对小刺。
0.4 	  8.5 	55	45	45	25	25	15	210	乌波的皮肤是蓝色的，还有湿湿的黏膜覆盖在身体上。头两边还有淡紫色的角，有点像树枝，又有点像雪花的一部分。肚皮上有三条深蓝色的条纹。因为没有手臂，在水里是靠它那薄而有力的尾巴来推动前进的。
1.4 	   75 	95	85	85	65	65	35	430	身躯肥胖。背部和尾部有紫色和深绿色的条纹，身体特别湿滑很难被捉住。个性悠然自得，经常漫无目地的在水上随意乱漂，但头也因此常撞到别的东西。喜欢圆的物体，一年中有一天会聚集在一起把圆的东西扔到小溪中。人们则在下游寻找，据说最后一个漂流回来的人会很幸运。
0.9 	26.5 	65	65	60	130	95	110	525	太阳伊布有着猫又或小型猫科动物的特征。主色和眼睛是神秘的紫色。头上的红宝石在使用超能力时会发光。
  1	   27 	95	65	110	60	130	65	525	月亮伊布的毛色是黑色，红色的眼睛看上去比其它种类伊布要凶猛一些。身上的环状花纹是耀眼的金色，在沐浴月光后，这些花纹会微微发光。
0.5 	  2.1 	60	85	42	85	42	91	405	黑暗鸦类似于乌鸦，通体黑色，喙与爪呈黄色。头上的羽毛形成了类似巫师帽的样子，尾巴则形似扫把。
  2	79.5 	95	75	80	100	110	30	490	进化后改由双足站立，脖子上围有橘白相间类似雨伞的构造。头上的大舌贝的眼睛在背后，大舌贝的反面有一个红色类似宝石的构造。
0.7 	    1 	60	60	60	85	85	85	435	梦妖虽然在图鉴颜色上是灰色，但其实更加明显的是墨绿色。它的发型像鬼火，虹膜为红色，脖子上挂有一串显眼的红色珠串，颜色不同的梦妖脖子上的珠串比普通的梦妖更加血红。
0.5 	    5 	48	72	48	72	48	48	336	未知图腾像是古代文字，拥有28种不同形态，分别对应26种字母和问号、感叹号。据说身体很薄，薄到可以嵌在墙上。当形态为问号和叹号时，眼睛为半睁半合。
1.3 	28.5 	190	33	58	33	58	33	405	果然翁有蓝色的身体，和一个黑色尾巴，它有两个像是在忍耐的眼睛，脑袋上有类似带子的东西。果然翁不会主动攻击，只会反弹攻击。
1.5 	41.5 	70	80	65	90	65	85	455	麒麟奇类似于长颈鹿。前半身主色为黄色，有褐色的斑纹，头上有犄角，而后半身颜色则与前半身相反。后面的尾巴有一个小小的头，而头中也有一个大脑，即使背对着对手也可以进行攻击。
0.6 	  7.2 	50	65	90	35	35	15	290	榛果球身体类似于榛果，颜色由偏灰的墨绿色为主。它的外表由一层层坚硬的鳞片构成，鳞片向上展开，最上的两层鳞片之间有一双红色的眼睛。顶上有一个果柄，像突出的刺。
1.2 	125.8 	75	90	140	60	60	40	465	佛烈托斯是大大的圆形茧状的宝可梦，它没有可见的四肢。它有两个粉红色的碟形结构在它身体的顶端和低端。这些碟形结构包裹了它上下半身的大部分的身体，并且上面有不平的凹槽。这形成了佛烈托斯外壳的形状。沿着它身体中间线的一道缝隙展现了它外壳下面的第二个红色的壳。这红色的壳沿着中间线有着一条更小的缝隙，透过它能看到佛烈托斯的眼睛。沿着这个，四个管子一样的突起从佛烈托斯的中间线的四角处伸出。除了它的眼睛和看起来像突起的部分，佛烈托斯在它盔甲下面的样子是未知的。
1.5 	   14 	100	70	70	65	65	45	415	土龙弟弟身体主要是黄色，身上有白色的小翅膀，但是飞不起来。尾巴像一个钻头。土龙弟弟性情十分胆小，只要一遇到危险就立刻逃跑。
1.1 	64.8 	65	75	105	35	65	85	430	天蝎同时具有蝎子和蝙蝠的特征，翅膀的末端有大大的钳子，有两个尖尖的牙齿露在嘴巴外面。
9.2 	  400 	75	85	200	55	65	30	510	大钢蛇与大岩蛇一样，也是灰色的。它的眼睛以红色为主，并且十分凶恶，尾巴类似于钉子。
0.6 	  7.8 	60	80	50	40	40	30	300	布鲁类似于斗牛犬，全身主色为粉红色。类似裙子的部分盖住了腿。
1.4 	48.7 	90	120	75	60	60	45	450	布鲁皇类似于斗牛犬，全身以淡紫色为主，手腕、脖子处有黑色的条纹，下颚有重而巨大的犬齿。
0.5 	  3.9 	65	95	85	55	55	85	440	千针鱼如同一条圆鼓鼓的刺鲀，双目眼角上扬，嘴为粉红色，背部为墨绿色，腹部为浅黄色，腹背颜色分明。它身上长着很多坚硬的刺，除了尾鳍之外没有别的鱼鳍，尾部的花纹形似一个幽灵。
1.8 	  118 	70	130	100	55	80	65	500	巨钳螳螂全身覆盖着赤红色的铠甲，后背有两对半透明的翅，但因身体太重而无法飞行，巨钳螳螂的钳子十分厉害，上面的花纹如同眼睛，可用来威吓对手。
0.6 	20.5 	20	10	230	10	230	5	505	壶壶是看起来像一只小龟的宝可梦。它的身体是一个可以存放树果的红色中空硬壳，上面有很多孔洞直通身体内部，孔洞的边沿是白色的环形凸起，头部及四肢从其中一些孔洞中申出。当它的足没有被使用的时候看起来有点跛，但它们实际上是很有力的。
1.5 	   54 	80	125	75	40	95	85	500	赫拉克罗斯形似一只巨大的独角仙，额头上长有一根粗壮的大角，大角的两侧各有一根触角。它全身包覆着深蓝色的甲壳，背部覆盖着一对翅膀。它的眼睛呈椭圆形，为黄色，前臂类似独角仙的开掘足，比后腿更为粗壮，腕部、大腿长有尖刺。
0.9 	   28 	55	95	55	35	75	115	430	狃拉的身体以黑色为主色，尾部为红色，爪子为银白色，额前和胸口有金色小点，左耳是红色的。
0.6 	  8.8 	60	80	50	50	50	40	330	熊宝宝看起来像一只玩具熊，它的身体是浅褐色的，头上有新月形的白色图案，它还有一个棕色的球形小尾巴。
1.8 	125.8 	90	130	75	75	75	55	500	它看起来像是一头棕色的大熊，腹部有一个黄色的圆圈。
0.7 	   35 	40	40	40	70	40	20	250	熔岩虫是软体动物，全身是红色的，有一双黄色的眼睛，头顶有一对火焰状的触角。嘴巴两侧下方垂下来了水滴状物。
0.8 	   55 	60	50	120	90	80	30	430	熔岩蜗牛背上多了一个壳，上面布满熔岩，体型更大了。体表温度约有10000度，比太阳表面温度还高，因此可以学会很多火属性招式。
0.4 	  6.5 	50	50	40	30	30	50	250	小山猪生活在寒冷的气候中。为了保暖，它们被厚厚的褐色有条纹的毛发覆盖着。它的毛发很蓬松，总是遮住它毛束一样的小小的腿部，使得它们看起来形状好像没有腿的一个硬块。它们使用粉色的猪一样的鼻子来挖掘泥和雪，寻找可食用的任何东西。小山猪的眼睛在外观上似乎永远是闭着的。
1.1 	55.8 	100	100	80	60	60	50	450	长毛猪有又长又厚的体毛、红色的鼻子和两个象牙，眼睛被体毛所覆盖。
0.6 	    5 	65	55	95	65	95	35	410	太阳珊瑚主要为粉红色，腹部和四肢为白色，背后有四只角。
0.6 	   12 	35	65	35	65	35	65	300	铁炮鱼有鱼类的特征，类似条纹鱼和射水鱼，在靠近尾巴的部分有两条条纹，头部有一只角。它的身体主要是浅灰色，长着两颗大眼睛。它的鳍和尾巴是白色的。身躯不大以至于可以吸附在巨翅飞鱼身上。
0.9 	28.5 	75	105	75	105	75	45	480	章鱼桶是全身红色，拥有黄色吸盘的章鱼形状宝可梦。滚圆的头上有两个黄色圆形斑点。每天触手上都有两个吸盘，触手大多集中在身体后侧，前侧为两条较长触手。
0.9 	   16 	45	55	45	65	45	75	330	信使鸟一只是红色的，拥有空心尾巴的类似企鹅的宝可梦。它的脸部和胸前覆盖着白色的羽毛，在眼睛上有着两三处突出的鬃毛。它的眼睛周围有一圈黑色的标记，而且有着亮黄色的喙和脚，肚子上有一个白色的点。它的每只脚上各有两个趾。
2.1 	  220 	85	40	70	80	140	70	485	巨翅飞鱼的外型类似于现实中的蝠鲼，身体上附着铁炮鱼。经常在海中自在的游泳，就算被铁炮鱼吸附着也不在意。
0.6 	10.8 	65	80	140	40	70	70	465	盔甲鸟全身像披了盔甲一样呈现银色，翅膀里面是红色的，有尖利的牙齿。
1.7 	50.5 	45	60	30	80	50	65	330	戴鲁比看起来像是一只黑色的狗，背上有两条条纹。
1.4 	   35 	75	90	50	110	80	95	500	黑鲁加类似于犬型宝可梦，不过进化后头上的角变得又大又弯。橙色的嘴吻突出，尖端是黑色的鼻子与两颗并不明显的外牙。脖颈与背上都有浅灰色的骨状物体环绕，其中背上有三条。脖子中央有一块灰白的圆形突出。黑鲁加的腹部毛色与嘴吻相同，下肢有三只脚趾，伸出尖锐的爪子。脚腕上带着两块骨状物，还有一条长着类似倒三角形的长尾巴。除了嘴吻与腹部外，黑鲁加浑身都是灰黑色。
1.8 	  152 	75	95	95	95	95	85	540	外型酷似海马，头上有类似中国龙的角，从应该是鳃盖的地方长有一对鳍。
0.5 	33.5 	90	60	60	40	40	40	330	小小象像只小象。小小象身体虽小却充满了力量，能轻轻松松地将成年人驮在背上行走。它巨大耳朵可以代替扇子，天气热的时候会啪嗒啪嗒扇动着前进。
1.1 	  120 	90	120	120	60	60	50	500	外型是较矮的灰色象形，黑色的鼻子一直延伸至尾部，有著一对看起来非常危险的长牙。
0.6 	32.5 	85	80	90	105	95	60	515	多边兽Ⅱ看起来跟进化前十分相像，除了多边兽Ⅱ的每个边都是圆弧的。它胸前的图案一样变圆了，多边兽Ⅱ看起来很像饮水鸟。
1.4 	71.2 	73	95	62	85	65	85	465	惊角鹿全身呈棕色，圆环形的角中间有一个黑色的球。
1.2 	   58 	55	20	35	20	45	75	250	图图犬是个外表白色、部分为咖啡色可以两脚站立的狗。它有个长长的尾巴，尾巴末端类似于画笔，会分泌一种神秘的液体，可以用来涂鸦，液体颜色会因为心情而转变。它的头顶上有个角，头的形状很像艺术家的帽子，图图犬看起来就像是画家。
0.7 	   21 	35	35	35	35	35	35	210	无畏小子有着粉色的头和身体，它的臀部和鞋子是褐色的，手上和肚子上缠着白色的胶布，它的眼瞳是金色的。
1.4 	   48 	50	95	95	35	110	70	455	主体为褐色，四肢及尾巴部分有绷带状和蓝色护具构造。头顶的尖刺是他的一大特色。
0.4 	    6 	45	30	15	85	65	65	305	迷唇娃是小小的看起来像小女孩的宝可梦。它的头很大，有金色的头发、粉色的皮肤、大大的眼睛和厚厚的双唇。它有浅色的胸部、手臂和脚，还有紫红色的腹部，使得它看起来好像穿了裤子一样。
0.6 	23.5 	45	63	37	65	55	95	360	电击怪头上有类似插头的角，身上有黄色和黑色的图案。
0.7 	21.4 	45	75	37	70	55	83	365	通体火红，腹部及鸭嘴为黄色，有著一条与体色相同的尾巴。
1.2 	75.5 	95	80	105	40	70	100	490	大奶罐看起来像一只粉红色的乳牛，尾巴末端有一个黑色的球。
1.5 	46.8 	255	10	10	75	135	55	540	幸福蛋有一个大大的蛋形身体，它身体的上半部分是粉色，下半部分是白色。它的头上有一些蜷曲起来的毛发。它在手臂与身体连接的地方有白色的翅膀状部位，白色的环纹环绕身体一圈。在吉利蛋时拥有的尾巴在进化后不见了。与进化前相同，它的肚子上有一个口袋，口袋里有一个蛋。
1.9 	  178 	90	85	75	115	100	115	580	雷公的外貌像剑齿虎，有金黄色的毛发，健壮的四肢以及锋利的獠牙。雷公的前额长有黑色的钢铁头饰，头饰覆盖过额头、鼻子和嘴巴，头饰之下是X型的胡须；长有电光形的浅蓝色尾巴，尾尖呈火花状。其脸上的白色鬃毛以及背后雷云状披风般的长毛象征着云朵和积雨云。当雷公奔跑的时候，脚下会散发出弧形的雷电，威严无比。
2.1 	  198 	115	115	85	90	75	100	580	炎帝拥有橘红色的毛发，强壮的四肢上戴着铁环。背后是如白色烟云般飘逸的鬃毛，烟云之下，是利刃般的棕色毛发。脸颊上长有红色六芒星状的结构，额头上嵌有三叶草一般的金黄色发壳。从高处落地时，脚下会踏出火焰，威风凛凛。
  2	  187 	100	75	115	90	115	85	580	传说水君是北风的化身。它有着蓝色宝石一样的头饰，周围是白色的风一般的飘带，显现出轻盈的身姿；身上有着蓝色和白色的花纹，体现着水和风的形象。
0.6 	   72 	50	64	50	45	50	41	300	幼基拉斯是一种小型的双足爬行动物类宝可梦，有着岩石般的灰绿色皮肤，头顶长了一根长长的钝角。它的双眼呈红色，双臂短小，双脚各有一个脚趾。腹部覆盖了一块菱形的红色鳞甲，腰部有四个菱形黑孔。尾部中心呈锥形，被一圈板状结构围绕。
1.2 	  152 	70	84	70	65	70	51	410	沙基拉斯形似虫蛹，全身被灰蓝色的硬壳覆盖。双眼眼珠呈红色，透过壳体上的两个孔洞视物，眼孔上方另有两个三角形孔洞。上身覆盖着一块面罩状的外壳，两侧有四个尖角，额头上也有三个小角。在它的外壳内，新的身体正逐渐成形。
  2	  202 	100	134	110	95	100	61	600	班基拉斯是大型的双足恐龙类宝可梦，浑身覆盖着铠甲般的绿色外壳，几根不同大小的尖刺分别从头、颈和肩的后部伸出，尾部末端也有一圈较小的尖刺。它的上下颌各有一对尖齿，手脚均为三爪。班基拉斯的外壳在胸部两侧、背部中央和双腿膝盖处各有两个三角形孔洞，洞内呈黑色，腹部和背部靠下则分别有一块菱形的缺口，露出了与沙基拉斯外壳颜色相同的甲壳。
5.2 	  216 	106	90	130	90	154	110	680	洛奇亚是只大型宝可梦，它的肚子是浅蓝色，眼睛周围像面罩一样的结构和背上的突起部分是蓝色的，其余部分均为白色。据说洛奇亚挥动翅膀的话，就会引起长达４０天的暴风雨。
3.8 	  199 	106	130	90	110	154	90	680	凤王是一种类似凤凰和孔雀的宝可梦。其羽毛多数为金色和红色，尾羽为黄色，身体暗面的羽毛为白色，双翼顶端的羽毛呈绿色。凤王的颈部有绿色条纹，它的喙为黄色，红色眼睛周围有黑色眼眶，头上有黄色羽冠。凤王的双翼呈棱镜形，这使得其在飞行时能于身后形成彩虹。凤王的腿部为黑色，长足分出四趾爪。凤王具有复活逝者的神奇力量，在凤王飞过的地方会形成彩虹，传说看到凤王的人能够获得永远的幸福。
0.6 	    5 	100	100	100	100	100	100	600	时拉比是一种绿色，相如精灵般的生物。其头部为圆形，并呈弧线状汇聚在脑后；前额上长有带蓝色尖端的绿色触角。它有淡蓝色的眼睛和浓浓的黑色眼圈。有圆形无趾的足和三根手指的手。时拉比能够穿越时间，并给自身到达的地方带去生机。它能够复活死去的同伴，并有净化的能力。